           #Fx:            Fy:
       0.184379    0.000394385
      0.0605112     0.00100673
       0.509157      0.0013978
       0.554784    0.000871867
       0.631161     0.00050186
       0.543906    0.000405017
       0.472827    0.000384469
       0.448794    0.000366069
       0.396535    0.000339925
       0.337612    0.000117112
       0.336648    0.000217941
       0.317703    0.000297323
       0.294235    0.000408191
       0.272273    0.000332374
       0.221302    0.000246011
        0.17769    3.18773e-05
        0.15473    5.12116e-05
       0.121787   -2.62819e-05
      0.0922642    2.58349e-05
        0.08571    0.000153966
      0.0594039    0.000365831
      0.0217485    0.000267394
    -0.00303486    0.000239171
     -0.0232811    0.000108443
     -0.0474896    5.29066e-05
     -0.0592799   -6.80611e-06
     -0.0866061    0.000106554
         -0.112     0.00012479
      -0.123099    0.000286374
      -0.127509    0.000340804
      -0.148927    0.000421278
      -0.163889    0.000324532
      -0.185774    0.000308916
      -0.200609    0.000292331
      -0.211002     0.00047436
      -0.213571    0.000536092
      -0.231236    0.000676438
      -0.241217    0.000689521
      -0.254777    0.000726476
      -0.259968    0.000694998
      -0.269808    0.000843752
      -0.273281    0.000811204
      -0.286581    0.000862267
      -0.289571    0.000919744
      -0.297152     0.00107353
      -0.297814     0.00109709
      -0.306193     0.00129465
      -0.308401     0.00131399
      -0.317947     0.00130623
      -0.317608     0.00127791
      -0.324086     0.00141488
      -0.324576     0.00144577
      -0.330388     0.00163882
      -0.328099     0.00174296
      -0.333375     0.00180316
      -0.331593     0.00176699
      -0.336746     0.00186884
      -0.336023     0.00186478
      -0.340088     0.00193408
      -0.336497      0.0019793
      -0.340165     0.00207539
      -0.337642     0.00209469
      -0.340519     0.00221018
      -0.338046     0.00225672
      -0.341005     0.00231161
      -0.337094     0.00229828
      -0.339232     0.00234833
      -0.336375     0.00236856
      -0.338155     0.00246612
      -0.334666     0.00252663
       -0.33617     0.00259834
      -0.331964     0.00258324
      -0.333051     0.00261129
      -0.330028     0.00263859
      -0.330851     0.00271544
      -0.326796     0.00273532
      -0.327512     0.00279137
       -0.32367      0.0028061
      -0.324042     0.00285208
      -0.320605     0.00288549
      -0.320649     0.00295425
      -0.316619      0.0029549
      -0.316692     0.00299016
      -0.312694      0.0030169
      -0.312354     0.00307159
      -0.308977     0.00310036
      -0.308763     0.00316294
      -0.305058     0.00316977
      -0.304902     0.00319141
      -0.301148     0.00321167
      -0.300422     0.00326097
       -0.29695     0.00328667
       -0.29608      0.0033364
      -0.292518     0.00335116
       -0.29243     0.00337225
      -0.289067     0.00339106
       -0.28806     0.00342406
       -0.28501     0.00344109
      -0.284272     0.00347998
      -0.280921      0.0035079
      -0.280458     0.00353663
      -0.277257     0.00355749
       -0.27614     0.00357699
      -0.273587      0.0035844
         -0.273     0.00361022
      -0.269817      0.0036305
      -0.269227     0.00364958
      -0.266672      0.0036679
      -0.265628     0.00369576
      -0.263042     0.00370898
      -0.262371     0.00372978
      -0.259731     0.00373413
       -0.25929     0.00374259
      -0.257149     0.00374584
      -0.256158     0.00377598
       -0.25369     0.00379188
      -0.253027     0.00382013
      -0.250852     0.00381738
       -0.25041     0.00382941
      -0.248474     0.00381757
      -0.247686     0.00384099
      -0.245601       0.003845
      -0.244943     0.00387662
      -0.243088     0.00386865
       -0.24272     0.00389714
      -0.240914      0.0038917
      -0.240092     0.00391733
      -0.238361     0.00390616
      -0.237847     0.00393205
      -0.236245     0.00391477
      -0.235853      0.0039463
      -0.234243     0.00394559
      -0.233487     0.00397853
      -0.232073     0.00397234
      -0.231571      0.0040044
      -0.230012     0.00398829
      -0.229553     0.00401101
      -0.228307     0.00400839
      -0.227675     0.00404012
      -0.226352     0.00404023
      -0.225787     0.00407176
       -0.22447     0.00406902
      -0.224048     0.00409169
      -0.222989      0.0040952
      -0.222326      0.0041175
       -0.22107     0.00412085
      -0.220491     0.00414338
       -0.21942     0.00415328
      -0.218974     0.00417469
      -0.218015     0.00418668
      -0.217401      0.0042025
      -0.216339     0.00421679
      -0.215727     0.00423155
      -0.214793     0.00424641
      -0.214301     0.00425981
      -0.213398     0.00427826
       -0.21274     0.00428738
      -0.211878     0.00431027
      -0.211337     0.00431949
      -0.210577     0.00433869
      -0.210001     0.00434705
       -0.20914     0.00437199
      -0.208457     0.00437465
      -0.207787     0.00440018
       -0.20723     0.00440387
      -0.206532     0.00442346
      -0.205898      0.0044256
      -0.205252     0.00445369
      -0.204659     0.00445379
       -0.20409     0.00448048
      -0.203394      0.0044826
      -0.202751     0.00450415
      -0.202091     0.00450303
      -0.201561     0.00452946
      -0.200981     0.00452395
      -0.200573     0.00454569
      -0.199923     0.00454522
      -0.199412     0.00457042
      -0.198711     0.00457107
      -0.198183      0.0045975
      -0.197536     0.00459259
      -0.197196     0.00461254
       -0.19653     0.00460825
      -0.196113     0.00462842
      -0.195516     0.00462679
      -0.195144     0.00465112
      -0.194478     0.00465024
      -0.194133      0.0046728
      -0.193435     0.00467096
      -0.193034     0.00468894
      -0.192401     0.00468887
      -0.192067     0.00470831
      -0.191434     0.00470563
       -0.19122     0.00472426
      -0.190625     0.00472614
      -0.190262     0.00474536
      -0.189528     0.00475137
      -0.189168     0.00476903
      -0.188524     0.00476895
      -0.188328     0.00478285
      -0.187744     0.00478667
      -0.187481     0.00480042
      -0.186807       0.004809
      -0.186508     0.00482583
      -0.185854     0.00483362
      -0.185631      0.0048465
      -0.184962     0.00485456
      -0.184693     0.00486428
      -0.184031     0.00487361
      -0.183805     0.00488441
      -0.183206     0.00489542
      -0.183046     0.00490586
      -0.182356     0.00491858
      -0.182082     0.00492746
      -0.181424     0.00494205
      -0.181196     0.00494974
      -0.180522     0.00496224
      -0.180348     0.00496722
      -0.179719     0.00497969
      -0.179543     0.00498607
      -0.178921     0.00500385
      -0.178689      0.0050103
      -0.177961     0.00502437
      -0.177782     0.00502738
      -0.177185     0.00504192
      -0.177019     0.00504545
      -0.176364     0.00506166
      -0.176165     0.00506372
      -0.175489     0.00507814
      -0.175339     0.00508134
      -0.174732     0.00509677
      -0.174577     0.00509776
      -0.173913     0.00511247
       -0.17374     0.00511254
      -0.173073     0.00512737
      -0.172932     0.00512784
      -0.172314     0.00514201
      -0.172206     0.00514178
      -0.171564     0.00515707
      -0.171422     0.00515535
      -0.170758     0.00516956
      -0.170632     0.00516876
      -0.169982     0.00518236
      -0.169889     0.00518073
      -0.169266     0.00519555
      -0.169167      0.0051927
      -0.168503     0.00520618
      -0.168405     0.00520436
      -0.167771     0.00521723
      -0.167727     0.00521377
      -0.167104     0.00522854
      -0.166995     0.00522541
      -0.166284     0.00523833
      -0.166205     0.00523509
      -0.165601     0.00524822
      -0.165612     0.00524378
      -0.165006     0.00525795
       -0.16494     0.00525442
      -0.164235     0.00526819
      -0.164162     0.00526483
      -0.163515     0.00527848
      -0.163519     0.00527309
      -0.162904     0.00528568
      -0.162889     0.00528052
      -0.162215     0.00529446
      -0.162203     0.00528997
      -0.161569     0.00530427
      -0.161588     0.00529969
      -0.160917     0.00531354
      -0.160891      0.0053074
      -0.160204     0.00531999
      -0.160247     0.00531407
      -0.159625     0.00532761
      -0.159691     0.00532187
      -0.159028     0.00533604
      -0.159052     0.00533048
      -0.158346     0.00534471
      -0.158369     0.00533885
      -0.157686     0.00535063
      -0.157779     0.00534257
      -0.157143     0.00535427
       -0.15724     0.00534812
      -0.156556     0.00536151
      -0.156612      0.0053564
      -0.155905     0.00536897
      -0.155995     0.00536182
      -0.155318     0.00537321
      -0.155416     0.00536574
      -0.154737     0.00537518
      -0.154852     0.00536818
      -0.154175     0.00537877
      -0.154313     0.00537254
      -0.153637     0.00538386
       -0.15373     0.00537826
      -0.153012     0.00538755
      -0.153132     0.00537975
       -0.15245     0.00538819
      -0.152614     0.00538049
      -0.151951     0.00538969
      -0.152093     0.00538379
      -0.151399     0.00539332
      -0.151556     0.00538616
      -0.150844     0.00539481
      -0.150982     0.00538673
      -0.150287     0.00539495
      -0.150471     0.00538629
      -0.149789     0.00539427
      -0.149983     0.00538576
      -0.149271     0.00539459
      -0.149451     0.00538582
      -0.148751     0.00539545
      -0.148956     0.00538682
      -0.148239     0.00539543
      -0.148438     0.00538496
      -0.147714     0.00539321
      -0.147938     0.00538268
      -0.147236     0.00539242
      -0.147481     0.00538211
      -0.146768     0.00539145
      -0.147002     0.00538092
       -0.14626     0.00538949
        -0.1465     0.00537827
      -0.145776     0.00538778
      -0.146037      0.0053765
      -0.145322     0.00538488
      -0.145595      0.0053729
      -0.144866     0.00538081
      -0.145145     0.00536935
      -0.144425     0.00537827
      -0.144697     0.00536731
       -0.14397     0.00537536
      -0.144259     0.00536344
      -0.143526     0.00537082
      -0.143819     0.00535961
      -0.143113     0.00536666
      -0.143426     0.00535578
      -0.142723     0.00536222
      -0.143037     0.00535113
      -0.142306     0.00535745
      -0.142601     0.00534717
      -0.141888     0.00535312
      -0.142211     0.00534253
      -0.141515     0.00534786
      -0.141859     0.00533671
      -0.141162     0.00534083
      -0.141492     0.00533105
      -0.140793     0.00533635
      -0.141127       0.005327
      -0.140426     0.00533134
      -0.140764     0.00532098
      -0.140067     0.00532378
      -0.140419      0.0053139
      -0.139752     0.00531751
      -0.140122     0.00530805
      -0.139442     0.00531135
      -0.139789     0.00530219
        -0.1391     0.00530498
      -0.139458     0.00529589
      -0.138788     0.00529891
      -0.139152     0.00528977
      -0.138488     0.00529185
      -0.138864     0.00528247
      -0.138217      0.0052845
      -0.138594     0.00527536
       -0.13793     0.00527804
      -0.138282     0.00526869
      -0.137622     0.00527089
      -0.137996     0.00526133
      -0.137361     0.00526339
      -0.137749     0.00525407
      -0.137118     0.00525641
      -0.137488     0.00524723
      -0.136851     0.00524942
      -0.137219     0.00524022
      -0.136588      0.0052418
       -0.13696     0.00523258
      -0.136338     0.00523396
       -0.13671     0.00522454
      -0.136102      0.0052257
      -0.136483     0.00521646
      -0.135879     0.00521718
      -0.136251     0.00520876
      -0.135643     0.00520977
      -0.136001     0.00520092
      -0.135396     0.00520098
      -0.135764     0.00519209
      -0.135187     0.00519073
       -0.13557     0.00518231
      -0.134995      0.0051816
      -0.135349     0.00517404
      -0.134761     0.00517301
      -0.135117     0.00516501
      -0.134556     0.00516299
      -0.134921     0.00515543
      -0.134363     0.00515266
      -0.134715     0.00514542
      -0.134166     0.00514276
      -0.134519     0.00513659
      -0.133986     0.00513292
      -0.134336     0.00512598
      -0.133798     0.00512145
      -0.134128     0.00511484
      -0.133599     0.00511061
      -0.133939     0.00510525
       -0.13344      0.0050998
      -0.133786     0.00509362
      -0.133283     0.00508742
      -0.133601      0.0050823
      -0.133102     0.00507692
      -0.133422     0.00507216
      -0.132941     0.00506554
      -0.133261      0.0050602
      -0.132787     0.00505375
      -0.133096      0.0050492
      -0.132635     0.00504306
      -0.132943     0.00503808
      -0.132492       0.005031
      -0.132795     0.00502625
      -0.132349     0.00501968
      -0.132633     0.00501518
      -0.132194     0.00500845
      -0.132483     0.00500302
      -0.132067     0.00499563
      -0.132358     0.00499075
      -0.131948     0.00498476
      -0.132217     0.00498007
      -0.131808     0.00497285
       -0.13207     0.00496773
      -0.131676     0.00496081
      -0.131939     0.00495648
      -0.131557     0.00494995
      -0.131811     0.00494453
       -0.13144     0.00493713
      -0.131691     0.00493234
      -0.131334     0.00492642
      -0.131572      0.0049227
      -0.131213      0.0049159
      -0.131434     0.00491075
      -0.131089     0.00490381
      -0.131315     0.00489879
      -0.130992     0.00489221
      -0.131212     0.00488823
      -0.130895     0.00488113
      -0.131101     0.00487609
      -0.130788     0.00486929
      -0.130979     0.00486502
      -0.130673     0.00485887
      -0.130863     0.00485471
      -0.130577     0.00484781
      -0.130765     0.00484268
      -0.130489     0.00483637
      -0.130665     0.00483257
      -0.130393     0.00482632
      -0.130557     0.00482189
      -0.130289     0.00481432
      -0.130442      0.0048099
      -0.130188     0.00480387
      -0.130342     0.00480038
      -0.130101     0.00479392
      -0.130251     0.00478951
      -0.130018     0.00478305
      -0.130151     0.00477913
      -0.129917     0.00477334
      -0.130038     0.00476995
      -0.129814     0.00476379
      -0.129935     0.00475855
      -0.129726     0.00475186
      -0.129842     0.00474809
       -0.12964     0.00474258
      -0.129746      0.0047389
      -0.129547     0.00473351
      -0.129636     0.00472895
      -0.129441     0.00472335
      -0.129528      0.0047195
      -0.129345     0.00471476
      -0.129429     0.00471041
      -0.129255     0.00470536
      -0.129329     0.00470071
      -0.129159     0.00469644
      -0.129224     0.00469275
      -0.129058     0.00468888
       -0.12911     0.00468418
      -0.128952     0.00467947
         -0.129     0.00467485
       -0.12885      0.0046714
      -0.128899     0.00466774
      -0.128757     0.00466483
      -0.128792     0.00465997
       -0.12865     0.00465634
      -0.128673     0.00465235
       -0.12854     0.00464986
      -0.128562     0.00464625
      -0.128438     0.00464319
      -0.128454     0.00463826
      -0.128335     0.00463546
      -0.128347     0.00463181
      -0.128234     0.00463054
      -0.128235     0.00462716
      -0.128125     0.00462384
       -0.12812     0.00461956
      -0.128015     0.00461759
      -0.128008     0.00461419
      -0.127912     0.00461368
      -0.127904     0.00461055
      -0.127816     0.00460812
        -0.1278     0.00460503
      -0.127712     0.00460329
       -0.12769     0.00460092
      -0.127607     0.00459963
      -0.127583     0.00459627
      -0.127507     0.00459505
      -0.127481     0.00459313
      -0.127413      0.0045917
      -0.127385     0.00459007
      -0.127319     0.00458911
      -0.127286     0.00458605
      -0.127222     0.00458416
      -0.127184      0.0045822
      -0.127125     0.00458129
      -0.127089     0.00458059
      -0.127037     0.00457968
      -0.127001      0.0045776
      -0.126951     0.00457611
      -0.126908     0.00457498
       -0.12686     0.00457381
      -0.126816      0.0045726
       -0.12677     0.00457088
      -0.126725     0.00456959
      -0.126685     0.00456839
      -0.126642     0.00456809
      -0.126606     0.00456749
       -0.12656     0.00456707
      -0.126522     0.00456551
      -0.126471     0.00456441
      -0.126433     0.00456303
      -0.126381      0.0045631
      -0.126346     0.00456233
      -0.126296     0.00456201
      -0.126267     0.00456007
      -0.126217     0.00455908
      -0.126186     0.00455812
      -0.126131     0.00455838
      -0.126099      0.0045566
       -0.12604     0.00455612
      -0.126008     0.00455433
      -0.125948     0.00455364
       -0.12592     0.00455185
      -0.125863     0.00455168
      -0.125836     0.00454943
      -0.125775     0.00454916
      -0.125745     0.00454804
       -0.12568     0.00454847
      -0.125647     0.00454716
      -0.125581     0.00454672
      -0.125553     0.00454432
      -0.125489     0.00454317
      -0.125462     0.00454119
      -0.125396     0.00454141
      -0.125364     0.00453921
      -0.125294     0.00453844
      -0.125261      0.0045364
       -0.12519     0.00453633
      -0.125156     0.00453449
      -0.125087     0.00453415
      -0.125054     0.00453185
      -0.124987     0.00453065
      -0.124955     0.00452785
      -0.124885     0.00452763
      -0.124848     0.00452587
      -0.124773     0.00452531
      -0.124733     0.00452353
      -0.124661     0.00452309
      -0.124625     0.00452028
      -0.124555     0.00452007
      -0.124519     0.00451798
      -0.124446     0.00451662
      -0.124407     0.00451341
      -0.124333     0.00451239
      -0.124293     0.00450981
      -0.124219     0.00450899
      -0.124179     0.00450664
      -0.124106     0.00450618
      -0.124068     0.00450329
      -0.123995     0.00450303
      -0.123956     0.00450101
      -0.123882      0.0045005
      -0.123841     0.00449778
      -0.123764     0.00449649
      -0.123722     0.00449364
      -0.123646     0.00449352
      -0.123608     0.00449156
      -0.123533     0.00449144
      -0.123495     0.00448859
      -0.123418     0.00448778
      -0.123377     0.00448525
        -0.1233     0.00448495
      -0.123259     0.00448268
      -0.123179     0.00448124
      -0.123138     0.00447938
       -0.12306     0.00447896
       -0.12302     0.00447738
      -0.122942     0.00447754
      -0.122903     0.00447618
      -0.122823     0.00447534
      -0.122782     0.00447316
        -0.1227      0.0044726
      -0.122655     0.00447145
      -0.122573     0.00447142
      -0.122532     0.00447025
      -0.122451     0.00447016
       -0.12241      0.0044686
      -0.122329     0.00446763
      -0.122285     0.00446666
      -0.122202      0.0044667
      -0.122155     0.00446565
       -0.12207     0.00446578
      -0.122023     0.00446582
       -0.12194     0.00446679
      -0.121894     0.00446671
      -0.121811     0.00446617
      -0.121764     0.00446532
      -0.121681     0.00446554
       -0.12163     0.00446605
      -0.121545     0.00446719
      -0.121491     0.00446799
      -0.121407     0.00446844
      -0.121355     0.00446776
      -0.121273     0.00446837
       -0.12122     0.00446873
      -0.121138     0.00447002
      -0.121084     0.00447151
         -0.121     0.00447412
       -0.12094     0.00447508
      -0.120856     0.00447587
      -0.120798     0.00447567
      -0.120721     0.00447722
      -0.120665     0.00447794
      -0.120586     0.00447866
      -0.120527     0.00447923
      -0.120453      0.0044818
      -0.120395     0.00448242
       -0.12032     0.00448109
      -0.120262     0.00447567
      -0.120201     0.00447036
      -0.120156     0.00446299
      -0.120102     0.00445251
      -0.120056     0.00443416
       -0.12001     0.00441014
      -0.119975     0.00437678
      -0.119938     0.00433349
      -0.119901     0.00427426
      -0.119859     0.00420093
      -0.119809     0.00410947
      -0.119739     0.00399692
      -0.119635     0.00385441
      -0.119492     0.00368401
       -0.11928     0.00348538
      -0.118985     0.00326007
      -0.118577      0.0030039
       -0.11806     0.00272553
      -0.117391     0.00243609
       -0.11657     0.00214935
      -0.115592     0.00187512
       -0.11453     0.00163849
      -0.113408     0.00146883
      -0.112296     0.00139786
      -0.111261     0.00144576
      -0.110481     0.00163982
      -0.110069     0.00200364
      -0.110136     0.00255338
      -0.110706     0.00328101
      -0.111864     0.00416936
      -0.113577     0.00518766
      -0.115755     0.00628984
      -0.118154     0.00740553
      -0.120579     0.00846216
      -0.122761     0.00938826
      -0.124473      0.0101207
      -0.125413      0.0105993
      -0.125427      0.0107871
      -0.124412      0.0106742
      -0.122456      0.0102826
      -0.119681     0.00965459
      -0.116398     0.00885928
      -0.112961     0.00798602
      -0.109845     0.00713773
      -0.107424     0.00640747
      -0.106037     0.00587386
      -0.105811      0.0055879
      -0.106754     0.00556756
      -0.108608     0.00578356
      -0.111007      0.0061678
      -0.113442      0.0066201
       -0.11548     0.00702526
      -0.116725     0.00726615
      -0.116989     0.00725221
      -0.116248     0.00693317
      -0.114738     0.00631518
      -0.112814     0.00545441
      -0.110948     0.00445765
       -0.10956     0.00346331
      -0.108994     0.00262229
       -0.10938       0.002061
      -0.110665     0.00186134
      -0.112588     0.00203627
      -0.114784      0.0025318
      -0.116829     0.00322508
      -0.118369     0.00395748
      -0.119178     0.00455838
      -0.119221      0.0048924
      -0.118628     0.00488028
      -0.117673     0.00452673
      -0.116701      0.0039139
      -0.116049     0.00319252
      -0.115971     0.00253732
       -0.11656     0.00211427
      -0.117735      0.0020291
       -0.11925     0.00230986
      -0.120774     0.00289001
      -0.121953     0.00362962
      -0.122534     0.00434525
      -0.122414     0.00486684
      -0.121697     0.00507643
      -0.120635     0.00494434
      -0.119589     0.00452989
      -0.118901     0.00397271
      -0.118814     0.00344503
      -0.119364     0.00310867
       -0.12039     0.00306118
      -0.121564     0.00331733
      -0.122521      0.0037987
      -0.122957     0.00436366
      -0.122756     0.00484603
      -0.121998     0.00512026
      -0.120947     0.00513091
      -0.119937     0.00491545
      -0.119275     0.00457979
      -0.119129     0.00426956
      -0.119493     0.00411274
      -0.120186     0.00418084
      -0.120927       0.004458
      -0.121435     0.00485447
      -0.121537     0.00523058
       -0.12121     0.00545742
      -0.120564     0.00545584
      -0.119805     0.00523677
      -0.119148     0.00488902
      -0.118762     0.00455655
      -0.118704     0.00437205
       -0.11893     0.00442046
      -0.119284     0.00469425
      -0.119585     0.00510564
      -0.119659     0.00550723
      -0.119436     0.00575646
      -0.118933     0.00576117
      -0.118281     0.00552719
      -0.117631     0.00514352
      -0.117155      0.0047605
      -0.116933     0.00452101
      -0.116988     0.00451469
      -0.117206     0.00473302
      -0.117442     0.00508402
       -0.11751     0.00541968
      -0.117339     0.00560567
      -0.116922     0.00556419
      -0.116384     0.00531475
      -0.115846     0.00495666
      -0.115459     0.00463452
      -0.115261     0.00447012
      -0.115266     0.00451966
      -0.115369     0.00474329
      -0.115488     0.00503405
      -0.115486     0.00525635
      -0.115331     0.00531297
      -0.115007      0.0051765
       -0.11462     0.00490874
      -0.114241     0.00462287
      -0.113985     0.00444144
      -0.113855     0.00443158
       -0.11386     0.00458382
      -0.113904     0.00481342
      -0.113935     0.00500518
      -0.113852     0.00505925
      -0.113658     0.00494628
      -0.113355     0.00471298
      -0.113058     0.00446497
      -0.112826     0.00430999
      -0.112737     0.00431411
      -0.112741     0.00446738
      -0.112789     0.00469197
      -0.112761     0.00487419
      -0.112632     0.00492369
      -0.112387     0.00481108
      -0.112129     0.00458738
      -0.111919     0.00435266
       -0.11184     0.00421322
       -0.11185     0.00422838
      -0.111896     0.00438563
      -0.111859     0.00460232
      -0.111709     0.00477269
      -0.111447     0.00481218
      -0.111186     0.00470505
      -0.111004     0.00450271
      -0.110973     0.00430255
      -0.111036     0.00419479
      -0.111119      0.0042283
      -0.111093     0.00437874
      -0.110924     0.00457034
      -0.110627     0.00470624
       -0.11033     0.00472303
      -0.110135     0.00461565
       -0.11012     0.00444458
      -0.110228     0.00429392
      -0.110358     0.00423804
      -0.110364     0.00429878
      -0.110201     0.00444234
      -0.109898     0.00459183
       -0.10959     0.00467402
      -0.109391     0.00464954
      -0.109378     0.00453964
      -0.109499     0.00440195
      -0.109646     0.00430984
      -0.109673       0.004306
       -0.10952     0.00439164
      -0.109217     0.00451708
      -0.108902     0.00461799
      -0.108713     0.00464107
       -0.10873     0.00458051
      -0.108887     0.00446984
      -0.109044     0.00437232
      -0.109047     0.00433626
      -0.108855     0.00437986
      -0.108537     0.00447492
      -0.108255     0.00457175
      -0.108134     0.00461687
      -0.108211     0.00458959
      -0.108386     0.00450486
       -0.10851     0.00441209
      -0.108453     0.00435991
      -0.108212     0.00437728
      -0.107889     0.00445125
       -0.10766     0.00454321
      -0.107631     0.00460171
      -0.107789     0.00459735
       -0.10798     0.00453157
       -0.10804     0.00444312
      -0.107877      0.0043778
      -0.107564     0.00437245
      -0.107263     0.00442638
      -0.107147     0.00451212
      -0.107244     0.00458103
      -0.107457     0.00460095
      -0.107594     0.00456112
      -0.107531     0.00448677
      -0.107261      0.0044166
      -0.106935     0.00439164
      -0.106722     0.00442261
      -0.106741     0.00449497
      -0.106934     0.00456579
      -0.107145     0.00460025
       -0.10718      0.0045796
      -0.106981     0.00452134
      -0.106633     0.00445763
      -0.106346     0.00442761
       -0.10627     0.00444681
      -0.106433     0.00450755
      -0.106673     0.00457428
      -0.106797     0.00461408
       -0.10667      0.0046048
      -0.106352     0.00455692
      -0.106015     0.00449774
      -0.105864     0.00446559
      -0.105955     0.00447756
      -0.106198     0.00453089
      -0.106375     0.00459581
      -0.106333     0.00464115
      -0.106051     0.00464147
      -0.105696     0.00460277
       -0.10547     0.00454662
      -0.105506     0.00450998
      -0.105731     0.00451353
      -0.105959     0.00455953
      -0.105978      0.0046213
      -0.105744      0.0046691
      -0.105372     0.00467756
      -0.105101     0.00464683
      -0.105075     0.00459502
      -0.105286     0.00455611
      -0.105533     0.00455322
      -0.105614     0.00459189
       -0.10542     0.00465062
      -0.105063      0.0046996
      -0.104748     0.00471186
      -0.104673     0.00468536
      -0.104843     0.00463594
       -0.10511      0.0045965
       -0.10523     0.00458964
       -0.10509     0.00462308
      -0.104742     0.00467715
      -0.104411     0.00472565
      -0.104287     0.00474077
      -0.104433     0.00471839
      -0.104691      0.0046723
      -0.104848      0.0046326
      -0.104743     0.00462181
      -0.104429     0.00464863
      -0.104088     0.00469664
      -0.103941     0.00474196
      -0.104041      0.0047604
      -0.104286     0.00474505
      -0.104446     0.00470496
      -0.104384     0.00466701
      -0.104103     0.00465155
      -0.103788     0.00466936
      -0.103618     0.00470976
      -0.103689     0.00475257
      -0.103891     0.00477397
       -0.10405     0.00476519
      -0.104002     0.00473214
      -0.103768     0.00469619
      -0.103476     0.00467672
      -0.103321     0.00468646
      -0.103362     0.00471893
      -0.103539     0.00475785
      -0.103668     0.00478113
      -0.103636     0.00477746
      -0.103427     0.00474787
      -0.103185     0.00471163
      -0.103043     0.00468695
      -0.103083     0.00468722
      -0.103222     0.00470877
      -0.103339     0.00473789
      -0.103312     0.00475343
       -0.10316     0.00474277
      -0.102976     0.00470407
      -0.102896     0.00465115
      -0.102954     0.00460153
      -0.103108      0.0045679
       -0.10323     0.00454909
      -0.103265     0.00453312
      -0.103207     0.00449989
      -0.103163     0.00443495
      -0.103205     0.00433564
      -0.103377     0.00421287
      -0.103612     0.00408166
      -0.103847      0.0039563
      -0.104019     0.00383916
      -0.104167     0.00372279
       -0.10434     0.00359423
      -0.104611      0.0034449
      -0.104966     0.00327666
      -0.105376     0.00310487
      -0.105768     0.00295157
      -0.106141     0.00283718
      -0.106501     0.00277269
      -0.106907     0.00275973
      -0.107357      0.0027913
      -0.107841     0.00286404
      -0.108296     0.00297979
      -0.108704     0.00314749
      -0.109049     0.00337748
      -0.109369     0.00367564
      -0.109653     0.00403432
       -0.10989     0.00443508
      -0.110007     0.00485089
      -0.109975     0.00525434
      -0.109767     0.00562401
      -0.109422     0.00594912
      -0.108948     0.00622268
      -0.108358     0.00644083
      -0.107598     0.00659597
      -0.106647     0.00668025
      -0.105487     0.00668644
      -0.104185     0.00661609
       -0.10281     0.00647845
      -0.101449     0.00629528
      -0.100118      0.0060934
      -0.098831     0.00589978
     -0.0975713     0.00573312
     -0.0963905     0.00560511
     -0.0953525     0.00551784
      -0.094552     0.00547139
      -0.094017     0.00546255
     -0.0937375     0.00549056
     -0.0936325     0.00555073
     -0.0936412     0.00563693
     -0.0937139     0.00573759
     -0.0938536     0.00583826
     -0.0940487     0.00591938
     -0.0942797     0.00596418
     -0.0944754     0.00596214
     -0.0945755     0.00591696
      -0.094533     0.00583926
     -0.0943684     0.00574511
     -0.0941262     0.00564604
     -0.0938758     0.00555081
     -0.0936544     0.00545962
     -0.0934863     0.00537263
     -0.0933712     0.00528954
     -0.0933264     0.00521839
      -0.093366     0.00517144
     -0.0935128     0.00516183
     -0.0937626     0.00518997
     -0.0940944     0.00524204
     -0.0944615     0.00529709
     -0.0948248     0.00533697
     -0.0951475     0.00535208
      -0.095412     0.00534612
     -0.0956056     0.00532822
      -0.095731       0.005307
      -0.095797     0.00528273
     -0.0958309     0.00525026
     -0.0958653     0.00520266
      -0.095934      0.0051425
     -0.0960559     0.00508054
     -0.0962371     0.00503549
     -0.0964708     0.00502041
     -0.0967515      0.0050379
     -0.0970727     0.00507936
     -0.0974257     0.00513172
     -0.0977895      0.0051814
     -0.0981281     0.00522062
     -0.0984007     0.00524346
     -0.0985809     0.00524549
     -0.0986719     0.00522112
     -0.0987026     0.00517223
     -0.0987144      0.0051074
     -0.0987397     0.00504262
     -0.0987941     0.00499294
     -0.0988778     0.00496693
     -0.0989913      0.0049607
     -0.0991346     0.00496645
     -0.0993135     0.00497634
     -0.0995229     0.00499322
     -0.0997477     0.00502202
     -0.0999583     0.00506673
      -0.100125     0.00511578
      -0.100229     0.00514856
      -0.100269     0.00514083
      -0.100261     0.00508685
      -0.100232      0.0050013
      -0.100207     0.00491956
      -0.100206     0.00487135
      -0.100241      0.0048697
      -0.100315     0.00489961
      -0.100419     0.00493737
      -0.100536     0.00496149
      -0.100651     0.00497141
      -0.100751     0.00497724
      -0.100829     0.00499152
      -0.100882     0.00501236
       -0.10091     0.00502646
      -0.100906     0.00501525
      -0.100874     0.00497416
      -0.100825     0.00491441
       -0.10078     0.00486361
       -0.10076      0.0048422
       -0.10078     0.00485691
      -0.100833     0.00489413
      -0.100906      0.0049366
       -0.10097     0.00497092
      -0.101013      0.0049978
      -0.101023     0.00501874
      -0.101013     0.00503243
      -0.100986     0.00502736
      -0.100952     0.00499815
      -0.100909     0.00494717
      -0.100865     0.00489418
      -0.100819     0.00486115
      -0.100786     0.00486682
      -0.100766      0.0049082
      -0.100766     0.00496681
      -0.100774     0.00501594
      -0.100789     0.00504146
      -0.100793     0.00504399
      -0.100786     0.00504069
      -0.100755      0.0050424
      -0.100709     0.00504881
      -0.100642     0.00504603
      -0.100575      0.0050251
      -0.100511      0.0049875
       -0.10047     0.00495323
      -0.100442     0.00494217
       -0.10043     0.00496852
      -0.100414     0.00502546
      -0.100394     0.00509283
      -0.100361     0.00514273
      -0.100329     0.00516016
      -0.100293     0.00514319
      -0.100263     0.00510874
      -0.100222     0.00507465
      -0.100177     0.00505508
      -0.100117     0.00505005
       -0.10006      0.0050576
      -0.100007     0.00507096
     -0.0999737     0.00508935
     -0.0999488      0.0051122
     -0.0999349     0.00514008
     -0.0999121     0.00516676
     -0.0998869     0.00518551
     -0.0998474     0.00519029
     -0.0998072     0.00517924
     -0.0997574     0.00515667
     -0.0997109     0.00513324
     -0.0996591      0.0051187
     -0.0996171     0.00511978
     -0.0995754     0.00513346
      -0.099545     0.00515431
     -0.0995113     0.00517626
     -0.0994848     0.00519616
     -0.0994523     0.00521212
     -0.0994259     0.00522265
     -0.0993941     0.00522491
     -0.0993675     0.00521497
     -0.0993303     0.00519396
     -0.0992924      0.0051675
     -0.0992412     0.00514792
     -0.0991946     0.00514642
     -0.0991479     0.00516681
     -0.0991181     0.00520074
     -0.0990923     0.00523435
     -0.0990772     0.00525199
     -0.0990531     0.00524786
     -0.0990296     0.00522634
     -0.0989945     0.00520189
     -0.0989626     0.00518531
     -0.0989231     0.00518173
     -0.0988888     0.00518738
     -0.0988475     0.00519562
     -0.0988127     0.00520121
     -0.0987742     0.00520437
     -0.0987465     0.00520768
     -0.0987181     0.00521357
     -0.0986999        0.00522
     -0.0986773     0.00522399
     -0.0986597     0.00522099
     -0.0986327     0.00521148
     -0.0986064     0.00519734
     -0.0985683     0.00518281
     -0.0985304     0.00517302
     -0.0984855     0.00517197
     -0.0984497     0.00517974
     -0.0984168     0.00519421
     -0.0983992     0.00520927
     -0.0983834     0.00521897
     -0.0983733     0.00521834
     -0.0983521     0.00520667
      -0.098327     0.00518784
     -0.0982895      0.0051691
     -0.0982542     0.00515636
     -0.0982155      0.0051541
     -0.0981849      0.0051613
     -0.0981526     0.00517365
     -0.0981281     0.00518528
     -0.0981019     0.00519298
     -0.0980824     0.00519305
     -0.0980607     0.00518582
     -0.0980432     0.00517278
     -0.0980193     0.00515714
     -0.0979953     0.00514436
     -0.0979625     0.00513859
     -0.0979294     0.00514086
     -0.0978903     0.00514919
     -0.0978568     0.00515809
      -0.097823     0.00516282
     -0.0978004      0.0051612
     -0.0977807      0.0051551
     -0.0977685     0.00514778
     -0.0977516     0.00514217
     -0.0977325     0.00513812
     -0.0977007     0.00513424
     -0.0976654     0.00512934
     -0.0976232     0.00512414
     -0.0975872     0.00512058
     -0.0975539     0.00512004
     -0.0975325     0.00512252
     -0.0975125     0.00512704
      -0.097498     0.00513038
     -0.0974777     0.00513082
     -0.0974562     0.00512566
     -0.0974259     0.00511638
     -0.0973952     0.00510427
     -0.0973591     0.00509321
     -0.0973267       0.005086
     -0.0972934     0.00508574
     -0.0972668      0.0050917
     -0.0972392     0.00510097
     -0.0972176     0.00510725
     -0.0971939     0.00510624
     -0.0971741     0.00509725
     -0.0971497     0.00508336
     -0.0971253     0.00506963
      -0.097094     0.00506084
     -0.0970625     0.00505884
     -0.0970254     0.00506265
     -0.0969925     0.00506806
     -0.0969594     0.00507223
     -0.0969349     0.00507247
     -0.0969121     0.00506768
     -0.0968955     0.00505973
      -0.096874     0.00505089
     -0.0968518     0.00504389
     -0.0968203     0.00503976
     -0.0967868     0.00503885
     -0.0967469     0.00503869
     -0.0967119     0.00503799
     -0.0966783     0.00503524
     -0.0966539     0.00503102
     -0.0966316      0.0050265
     -0.0966143     0.00502321
     -0.0965912     0.00502159
     -0.0965667     0.00502051
     -0.0965338      0.0050182
     -0.0965007     0.00501402
      -0.096463     0.00500869
     -0.0964306     0.00500377
     -0.0963976     0.00499977
     -0.0963718      0.0049974
     -0.0963451     0.00499634
     -0.0963231     0.00499672
     -0.0962978     0.00499778
     -0.0962738     0.00499703
     -0.0962426     0.00499364
      -0.096212     0.00498804
     -0.0961761     0.00498109
     -0.0961442     0.00497508
       -0.09611     0.00497204
     -0.0960813     0.00497202
     -0.0960511     0.00497425
     -0.0960267     0.00497658
     -0.0960001     0.00497663
     -0.0959767     0.00497409
      -0.095948     0.00496947
     -0.0959196     0.00496371
     -0.0958836      0.0049588
       -0.09585     0.00495617
     -0.0958133     0.00495605
     -0.0957828     0.00495788
      -0.095753     0.00495991
     -0.0957295     0.00495978
     -0.0957029     0.00495633
      -0.095679     0.00495084
     -0.0956493     0.00494498
     -0.0956213     0.00494151
     -0.0955868     0.00494242
     -0.0955541     0.00494573
     -0.0955178     0.00494863
     -0.0954877     0.00494922
      -0.095457      0.0049462
     -0.0954326     0.00494033
     -0.0954061     0.00493461
     -0.0953825     0.00493144
     -0.0953524     0.00493085
     -0.0953234     0.00493308
     -0.0952893     0.00493635
     -0.0952583     0.00493843
     -0.0952242     0.00493818
     -0.0951955     0.00493512
     -0.0951647     0.00492962
     -0.0951393     0.00492455
     -0.0951113     0.00492194
     -0.0950876      0.0049223
     -0.0950583     0.00492483
     -0.0950308     0.00492787
     -0.0949969     0.00492852
     -0.0949658     0.00492664
     -0.0949318     0.00492316
     -0.0949035     0.00492011
     -0.0948732     0.00491827
     -0.0948482      0.0049181
     -0.0948201     0.00491894
     -0.0947948     0.00491961
     -0.0947647     0.00491957
     -0.0947375     0.00491897
     -0.0947044     0.00491754
     -0.0946738     0.00491635
     -0.0946406     0.00491557
     -0.0946123     0.00491518
     -0.0945829     0.00491547
     -0.0945586     0.00491626
     -0.0945304     0.00491666
     -0.0945044     0.00491556
     -0.0944732     0.00491287
     -0.0944444      0.0049102
     -0.0944116     0.00490858
     -0.0943824     0.00490898
     -0.0943503     0.00491183
     -0.0943228     0.00491488
     -0.0942936     0.00491676
     -0.0942688     0.00491683
     -0.0942406     0.00491499
     -0.0942146     0.00491147
     -0.0941839     0.00490789
     -0.0941552      0.0049052
     -0.0941231     0.00490467
     -0.0940945     0.00490687
     -0.0940637     0.00491013
     -0.0940365     0.00491264
      -0.094007      0.0049132
     -0.0939805     0.00491006
     -0.0939512     0.00490358
     -0.0939245     0.00489614
     -0.0938941     0.00488995
     -0.0938649     0.00488571
      -0.093831     0.00488327
     -0.0937993     0.00488042
     -0.0937653     0.00487439
     -0.0937342     0.00486388
     -0.0937013     0.00484959
     -0.0936702     0.00483141
     -0.0936361     0.00481103
     -0.0936022     0.00478872
     -0.0935632     0.00476511
     -0.0935228     0.00474033
     -0.0934763     0.00471241
     -0.0934296     0.00467988
     -0.0933787      0.0046426
     -0.0933298     0.00460002
     -0.0932786       0.004554
     -0.0932287     0.00450779
     -0.0931745     0.00446227
     -0.0931171     0.00441913
     -0.0930532     0.00437896
     -0.0929886     0.00434275
     -0.0929211     0.00431232
     -0.0928561     0.00429047
     -0.0927928     0.00428252
     -0.0927355     0.00429153
     -0.0926824     0.00432049
     -0.0926373      0.0043713
     -0.0925957     0.00444598
     -0.0925611     0.00454596
     -0.0925314     0.00467132
     -0.0925101     0.00482108
     -0.0924967     0.00499431
     -0.0924948     0.00518855
     -0.0925004     0.00540028
     -0.0925134      0.0056233
     -0.0925274     0.00584955
     -0.0925395     0.00606913
      -0.092543      0.0062726
     -0.0925352     0.00645101
     -0.0925099     0.00659598
     -0.0924649     0.00670119
     -0.0923945     0.00676101
     -0.0922993     0.00677116
     -0.0921766     0.00672925
     -0.0920295     0.00663624
     -0.0918572     0.00649625
     -0.0916653     0.00631613
     -0.0914584     0.00610413
     -0.0912484     0.00587313
     -0.0910436     0.00563667
     -0.0908564     0.00540975
     -0.0906948     0.00520467
     -0.0905706      0.0050321
     -0.0904897     0.00489901
     -0.0904579     0.00480807
     -0.0904745     0.00475802
     -0.0905376     0.00474564
     -0.0906381     0.00476428
     -0.0907671     0.00480384
     -0.0909091     0.00485144
     -0.0910505     0.00489385
      -0.091174      0.0049173
      -0.091266     0.00491142
     -0.0913119     0.00486911
     -0.0913019     0.00479033
     -0.0912293      0.0046805
     -0.0910938     0.00455023
     -0.0908977     0.00441598
     -0.0906499     0.00429406
     -0.0903615     0.00420147
     -0.0900485     0.00414952
     -0.0897287     0.00414452
      -0.089421     0.00418803
     -0.0891405     0.00427431
     -0.0889023     0.00439198
     -0.0887175     0.00452584
     -0.0885959     0.00465827
     -0.0885427     0.00476816
     -0.0885638     0.00483997
     -0.0886608      0.0048602
     -0.0888352     0.00482561
     -0.0890849     0.00474019
     -0.0894072     0.00461656
     -0.0897945      0.0044734
     -0.0902356     0.00433495
     -0.0907157     0.00422302
     -0.0912189     0.00415682
     -0.0917257     0.00414821
     -0.0922178     0.00419937
      -0.092678      0.0043032
     -0.0930907     0.00444356
      -0.093445     0.00459904
     -0.0937349     0.00474655
     -0.0939613     0.00486281
     -0.0941311     0.00493153
      -0.094256     0.00494383
     -0.0943535     0.00490332
      -0.094441     0.00482344
     -0.0945361     0.00472683
      -0.094653     0.00464011
     -0.0948011     0.00458954
     -0.0949826     0.00459455
     -0.0951945     0.00466394
     -0.0954272     0.00479466
     -0.0956694     0.00497091
     -0.0959083     0.00516807
     -0.0961328     0.00535679
     -0.0963334     0.00550931
     -0.0965048     0.00560312
     -0.0966434     0.00562807
     -0.0967476     0.00558641
     -0.0968166     0.00549322
     -0.0968512      0.0053705
     -0.0968502     0.00524725
     -0.0968148     0.00514957
     -0.0967458     0.00509727
     -0.0966479      0.0051005
     -0.0965259     0.00515604
     -0.0963881     0.00524989
      -0.096242      0.0053606
     -0.0960974     0.00546271
     -0.0959602     0.00553462
     -0.0958361     0.00556134
     -0.0957226     0.00553935
     -0.0956159     0.00547558
      -0.095507     0.00538672
     -0.0953868     0.00529226
     -0.0952438     0.00521361
     -0.0950713       0.005165
      -0.094866     0.00515416
      -0.094632     0.00517833
     -0.0943766     0.00522818
      -0.094115     0.00529036
      -0.093861     0.00535073
     -0.0936291     0.00539815
     -0.0934275     0.00542727
       -0.09326     0.00543881
     -0.0931228     0.00543812
      -0.093008      0.0054331
     -0.0929016     0.00543094
     -0.0927919     0.00543589
     -0.0926666     0.00544825
      -0.092522     0.00546527
     -0.0923571     0.00548002
     -0.0921809     0.00548661
     -0.0920026     0.00548017
     -0.0918357     0.00546145
     -0.0916902     0.00543252
     -0.0915744     0.00540157
     -0.0914873     0.00537618
     -0.0914253     0.00536638
     -0.0913759     0.00537576
     -0.0913279     0.00540292
     -0.0912672     0.00544123
     -0.0911891     0.00548051
     -0.0910902     0.00550733
     -0.0909776     0.00551252
     -0.0908585     0.00549231
     -0.0907468      0.0054497
     -0.0906519     0.00539506
      -0.090584     0.00534298
     -0.0905427     0.00530595
     -0.0905262      0.0052946
     -0.0905244     0.00531114
     -0.0905281     0.00535071
     -0.0905256     0.00540123
     -0.0905107     0.00544873
     -0.0904791     0.00547974
     -0.0904352     0.00548664
      -0.090383     0.00546782
     -0.0903332     0.00543061
     -0.0902913     0.00538644
     -0.0902658     0.00534933
     -0.0902555     0.00532971
     -0.0902614     0.00533285
     -0.0902758      0.0053569
     -0.0902948     0.00539484
     -0.0903105     0.00543493
     -0.0903213     0.00546645
     -0.0903241     0.00548158
     -0.0903225     0.00547944
     -0.0903168       0.005464
     -0.0903136     0.00544383
     -0.0903126     0.00542678
      -0.090319     0.00542018
     -0.0903283     0.00542704
     -0.0903417     0.00544478
     -0.0903533     0.00546709
     -0.0903651     0.00548725
       -0.09037     0.00549902
     -0.0903726     0.00550118
     -0.0903687     0.00549565
     -0.0903645     0.00548781
     -0.0903557     0.00548383
     -0.0903482     0.00548797
     -0.0903361     0.00550142
     -0.0903234     0.00552047
     -0.0903039     0.00554023
     -0.0902806     0.00555506
      -0.090249     0.00556111
      -0.090214     0.00555929
     -0.0901721     0.00555304
     -0.0901292     0.00554723
     -0.0900814     0.00554834
     -0.0900347     0.00555996
     -0.0899845     0.00558027
     -0.0899365     0.00560506
     -0.0898877     0.00562777
     -0.0898441     0.00564223
     -0.0898044     0.00564618
     -0.0897782     0.00564056
     -0.0897645     0.00562954
     -0.0897745      0.0056199
     -0.0898084     0.00561694
     -0.0898764     0.00562207
     -0.0899793     0.00563341
     -0.0901276     0.00564592
     -0.0903215     0.00565303
     -0.0905717     0.00565019
     -0.0908755     0.00563619
     -0.0912381     0.00561333
     -0.0916511     0.00558725
     -0.0921127     0.00556281
     -0.0926068     0.00554442
     -0.0931239     0.00553321
     -0.0936425     0.00552662
     -0.0941507     0.00552175
     -0.0946252      0.0055142
      -0.095052     0.00550319
      -0.095406      0.0054903
     -0.0956708     0.00547965
     -0.0958202     0.00547634
     -0.0958396      0.0054837
     -0.0957089     0.00550297
     -0.0954269     0.00553256
     -0.0949919      0.0055681
      -0.094424      0.0056047
     -0.0937431     0.00563889
     -0.0929878     0.00566908
     -0.0921907     0.00569633
     -0.0913932     0.00572301
     -0.0906242     0.00575241
     -0.0899177     0.00578438
     -0.0892925     0.00581772
     -0.0887727     0.00584817
      -0.088367     0.00587184
     -0.0880881     0.00588599
     -0.0879339     0.00589105
      -0.087903     0.00588923
      -0.087976     0.00588657
      -0.088134     0.00588771
     -0.0883426     0.00589668
      -0.088574     0.00591298
     -0.0887926      0.0059351
       -0.08898     0.00595865
     -0.0891167     0.00597909
     -0.0892043     0.00599422
     -0.0892445     0.00600517
     -0.0892546     0.00601412
     -0.0892459     0.00602503
     -0.0892384     0.00604076
     -0.0892393     0.00606081
     -0.0892631     0.00608326
       -0.08931     0.00610248
     -0.0893883      0.0061148
     -0.0894938     0.00611898
     -0.0896301     0.00611697
     -0.0897876     0.00611241
      -0.089963     0.00611104
     -0.0901395     0.00611707
     -0.0903072     0.00613175
     -0.0904478     0.00615188
     -0.0905536     0.00617221
     -0.0906143     0.00618638
      -0.090634     0.00619062
     -0.0906161     0.00618273
     -0.0905781     0.00616505
     -0.0905315     0.00613993
     -0.0904942     0.00611139
     -0.0904733     0.00608046
     -0.0904783     0.00604714
     -0.0905055     0.00600888
     -0.0905533     0.00596359
     -0.0906107     0.00591045
     -0.0906733     0.00585242
     -0.0907286     0.00579446
     -0.0907734     0.00574322
      -0.090797       0.005702
     -0.0907995      0.0056726
     -0.0907752     0.00565223
     -0.0907279     0.00563666
     -0.0906587     0.00562067
     -0.0905799      0.0056009
     -0.0904994     0.00557644
     -0.0904323      0.0055498
      -0.090386     0.00552263
     -0.0903698     0.00549711
     -0.0903806     0.00547297
     -0.0904153     0.00544927
     -0.0904597     0.00542358
     -0.0905048     0.00539375
     -0.0905345     0.00536018
     -0.0905419     0.00532403
      -0.090519     0.00528835
     -0.0904695     0.00525597
     -0.0903955     0.00522742
     -0.0903088     0.00520133
     -0.0902163     0.00517605
     -0.0901332     0.00514956
     -0.0900654     0.00512093
     -0.0900225     0.00509094
     -0.0900042     0.00506399
     -0.0900131      0.0050437
     -0.0900407     0.00503388
     -0.0900826     0.00503621
     -0.0901254     0.00505143
     -0.0901629     0.00507774
     -0.0901847     0.00511408
     -0.0901916     0.00516002
     -0.0901832     0.00521669
     -0.0901705     0.00528456
     -0.0901608     0.00536396
     -0.0901681     0.00545311
     -0.0901991     0.00554911
     -0.0902634     0.00564758
     -0.0903604       0.005745
     -0.0904922     0.00583835
     -0.0906504     0.00592761
     -0.0908299      0.0060121
     -0.0910166     0.00609255
     -0.0912027     0.00616694
      -0.091376     0.00623234
     -0.0915313     0.00628519
     -0.0916613     0.00632174
     -0.0917695      0.0063386
      -0.091858     0.00633596
     -0.0919354     0.00631535
     -0.0920066     0.00627945
     -0.0920783     0.00623121
     -0.0921489      0.0061738
     -0.0922189     0.00610918
     -0.0922815     0.00603954
     -0.0923337     0.00596797
     -0.0923684     0.00589798
     -0.0923855     0.00583324
     -0.0923809     0.00577766
     -0.0923576     0.00573382
     -0.0923155     0.00570105
     -0.0922601     0.00567684
     -0.0921946     0.00565746
     -0.0921282     0.00563893
     -0.0920657     0.00561836
     -0.0920156     0.00559502
     -0.0919788     0.00556932
      -0.091956     0.00554497
     -0.0919378     0.00552299
     -0.0919167     0.00550462
     -0.0918801     0.00548951
     -0.0918221      0.0054788
     -0.0917356     0.00547182
     -0.0916236     0.00547016
      -0.091488     0.00547451
     -0.0913377      0.0054861
     -0.0911774     0.00550323
     -0.0910172     0.00552486
     -0.0908604     0.00554759
     -0.0907146     0.00556903
     -0.0905826     0.00558623
     -0.0904689     0.00559948
      -0.090372     0.00560938
     -0.0902929     0.00561855
     -0.0902268     0.00562777
     -0.0901716      0.0056385
     -0.0901222     0.00565061
     -0.0900795     0.00566431
     -0.0900424     0.00567845
     -0.0900155     0.00569463
     -0.0900004     0.00571271
     -0.0900011     0.00573387
     -0.0900138     0.00575867
     -0.0900388     0.00578701
     -0.0900698     0.00581675
     -0.0901049     0.00584617
     -0.0901377     0.00587241
      -0.090166     0.00589413
     -0.0901852     0.00591016
     -0.0901971     0.00592004
     -0.0901989     0.00592378
      -0.090193     0.00592319
     -0.0901799     0.00591794
     -0.0901639     0.00590847
     -0.0901454     0.00589612
     -0.0901271     0.00588243
     -0.0901086     0.00586899
     -0.0900922     0.00585823
     -0.0900764     0.00585146
     -0.0900631     0.00584972
     -0.0900527     0.00585205
     -0.0900484     0.00585704
     -0.0900506     0.00586309
     -0.0900626     0.00586755
     -0.0900819     0.00587012
     -0.0901102     0.00587047
      -0.090144     0.00586991
     -0.0901839     0.00586995
     -0.0902256     0.00587159
     -0.0902678     0.00587609
     -0.0903051      0.0058841
     -0.0903373     0.00589448
     -0.0903588      0.0059068
     -0.0903712     0.00592121
     -0.0903741     0.00593587
     -0.0903732     0.00594892
     -0.0903715     0.00595929
     -0.0903764     0.00596527
     -0.0903896     0.00596637
     -0.0904162     0.00596151
     -0.0904544     0.00595131
     -0.0905043     0.00593665
     -0.0905621     0.00592011
     -0.0906257     0.00590357
     -0.0906894     0.00588949
     -0.0907505     0.00587869
     -0.0908023     0.00587221
      -0.090842     0.00586928
     -0.0908654     0.00587013
     -0.0908744     0.00587359
     -0.0908695      0.0058783
     -0.0908573     0.00588232
     -0.0908424     0.00588514
     -0.0908308     0.00588551
     -0.0908253     0.00588309
     -0.0908288     0.00587723
     -0.0908392     0.00587004
      -0.090856      0.0058621
     -0.0908769     0.00585523
     -0.0908998     0.00585001
     -0.0909201     0.00584822
     -0.0909375      0.0058493
     -0.0909506     0.00585293
     -0.0909587     0.00585839
     -0.0909622     0.00586468
     -0.0909632     0.00587069
      -0.090962     0.00587529
     -0.0909597     0.00587853
     -0.0909561     0.00588034
     -0.0909515     0.00588155
     -0.0909455     0.00588178
     -0.0909394      0.0058807
     -0.0909349     0.00587965
      -0.090933     0.00587905
     -0.0909343     0.00587961
     -0.0909392     0.00588167
     -0.0909461     0.00588576
     -0.0909537     0.00589158
     -0.0909607      0.0058977
     -0.0909663     0.00590387
     -0.0909705     0.00590951
     -0.0909722      0.0059136
     -0.0909704     0.00591603
     -0.0909638     0.00591721
     -0.0909529     0.00591685
     -0.0909384     0.00591636
     -0.0909239     0.00591572
     -0.0909123      0.0059157
     -0.0909066     0.00591577
     -0.0909077     0.00591614
     -0.0909138     0.00591683
     -0.0909203     0.00591833
     -0.0909242     0.00592112
     -0.0909231     0.00592471
      -0.090917     0.00592869
      -0.090907     0.00593306
     -0.0908966     0.00593739
     -0.0908871     0.00594093
     -0.0908797     0.00594291
     -0.0908734     0.00594345
     -0.0908676     0.00594289
     -0.0908616     0.00594122
      -0.090856     0.00594003
     -0.0908509     0.00593919
     -0.0908473     0.00593961
     -0.0908444     0.00594132
     -0.0908417      0.0059443
     -0.0908385     0.00594818
     -0.0908342      0.0059526
     -0.0908285     0.00595704
     -0.0908222     0.00596096
     -0.0908161     0.00596363
     -0.0908101      0.0059648
     -0.0908042     0.00596475
     -0.0907981     0.00596324
     -0.0907909     0.00596145
      -0.090783     0.00596021
     -0.0907754     0.00595979
     -0.0907684     0.00596104
      -0.090764     0.00596375
     -0.0907612     0.00596768
     -0.0907602     0.00597199
     -0.0907597      0.0059758
     -0.0907588     0.00597931
     -0.0907549     0.00598159
     -0.0907482     0.00598319
     -0.0907384     0.00598361
     -0.0907274     0.00598403
     -0.0907164     0.00598411
      -0.090708     0.00598405
     -0.0907024     0.00598444
     -0.0907012     0.00598538
     -0.0907025     0.00598671
     -0.0907049     0.00598876
      -0.090705     0.00599128
     -0.0907028     0.00599452
     -0.0906967     0.00599786
     -0.0906886      0.0060011
     -0.0906791     0.00600393
      -0.090671     0.00600602
     -0.0906648     0.00600763
     -0.0906607     0.00600817
     -0.0906587     0.00600824
     -0.0906587      0.0060089
     -0.0906588     0.00600971
     -0.0906586     0.00601092
     -0.0906575     0.00601337
     -0.0906552     0.00601661
     -0.0906508      0.0060199
     -0.0906457     0.00602346
     -0.0906396     0.00602639
     -0.0906343     0.00602811
     -0.0906299     0.00602947
     -0.0906276     0.00603088
     -0.0906259     0.00603227
     -0.0906263     0.00603259
     -0.0906264     0.00603338
     -0.0906265     0.00603461
     -0.0906245     0.00603649
     -0.0906215     0.00603943
     -0.0906179     0.00604252
     -0.0906148     0.00604538
     -0.0906118      0.0060488
     -0.0906101     0.00605133
     -0.0906085     0.00605205
     -0.0906073     0.00605233
      -0.090606     0.00605207
     -0.0906048     0.00605233
     -0.0906027     0.00605315
      -0.090601     0.00605447
      -0.090599     0.00605675
     -0.0905977     0.00605984
     -0.0905972     0.00606283
     -0.0905981     0.00606576
     -0.0905978      0.0060681
     -0.0905963      0.0060691
     -0.0905934     0.00606971
       -0.09059     0.00607058
     -0.0905861     0.00607117
     -0.0905835     0.00607166
      -0.090582     0.00607277
     -0.0905825     0.00607433
     -0.0905844     0.00607642
     -0.0905857     0.00607864
     -0.0905858     0.00608072
     -0.0905843     0.00608248
     -0.0905807     0.00608398
     -0.0905763     0.00608548
     -0.0905715     0.00608606
     -0.0905681     0.00608644
     -0.0905657     0.00608711
     -0.0905648      0.0060885
     -0.0905648     0.00608999
     -0.0905651     0.00609161
     -0.0905655     0.00609308
     -0.0905648      0.0060951
     -0.0905625     0.00609723
     -0.0905587     0.00609887
     -0.0905523     0.00610021
     -0.0905463     0.00610165
     -0.0905409     0.00610307
     -0.0905369     0.00610493
     -0.0905337      0.0061059
     -0.0905319     0.00610719
     -0.0905302     0.00610867
     -0.0905273     0.00611053
     -0.0905222      0.0061123
     -0.0905143     0.00611507
     -0.0905042     0.00611749
     -0.0904933     0.00612053
     -0.0904818     0.00612335
     -0.0904708     0.00612607
     -0.0904609     0.00612831
      -0.090452     0.00613031
     -0.0904429     0.00613153
     -0.0904324     0.00613361
     -0.0904193     0.00613637
     -0.0904027     0.00613933
     -0.0903835      0.0061422
     -0.0903628     0.00614585
     -0.0903416     0.00614895
     -0.0903212     0.00615169
     -0.0903023     0.00615369
     -0.0902845     0.00615515
     -0.0902673     0.00615535
       -0.09025      0.0061561
     -0.0902314     0.00615607
     -0.0902134     0.00615594
     -0.0901951     0.00615581
      -0.090179     0.00615557
     -0.0901645     0.00615454
     -0.0901539     0.00615345
      -0.090147     0.00615128
      -0.090145     0.00614835
     -0.0901466     0.00614433
     -0.0901527     0.00613914
     -0.0901618     0.00613363
      -0.090174     0.00612862
     -0.0901885     0.00612369
     -0.0902062     0.00611979
     -0.0902258     0.00611701
     -0.0902484     0.00611492
     -0.0902733      0.0061132
     -0.0902998     0.00611198
     -0.0903259     0.00611089
     -0.0903505     0.00611022
     -0.0903708     0.00611034
     -0.0903859     0.00611227
     -0.0903935     0.00611597
     -0.0903947     0.00612225
     -0.0903876     0.00613042
     -0.0903734      0.0061405
     -0.0903513     0.00615132
     -0.0903221     0.00616217
     -0.0902848     0.00617259
     -0.0902406     0.00618258
     -0.0901887     0.00619224
     -0.0901308      0.0062017
     -0.0900679     0.00621102
     -0.0900035     0.00622038
     -0.0899403     0.00622879
      -0.089883      0.0062361
     -0.0898337     0.00624173
     -0.0897951     0.00624515
     -0.0897677     0.00624633
     -0.0897532     0.00624624
     -0.0897516      0.0062438
     -0.0897659     0.00624042
     -0.0897954     0.00623575
     -0.0898424     0.00623151
     -0.0899057     0.00622725
     -0.0899855     0.00622379
     -0.0900788     0.00622024
     -0.0901837     0.00621764
     -0.0902952     0.00621524
     -0.0904106     0.00621338
     -0.0905248     0.00621136
     -0.0906356      0.0062097
     -0.0907382     0.00620796
     -0.0908312     0.00620676
      -0.090912     0.00620564
     -0.0909811     0.00620502
      -0.091036     0.00620319
     -0.0910779     0.00620069
     -0.0911056     0.00619635
      -0.091121     0.00619083
     -0.0911239     0.00618333
     -0.0911182     0.00617512
     -0.0911062     0.00616532
     -0.0910925     0.00615588
     -0.0910799      0.0061463
     -0.0910716     0.00613765
      -0.091069     0.00612812
     -0.0910743     0.00611982
     -0.0910856     0.00611111
     -0.0911033     0.00610289
     -0.0911246     0.00609414
     -0.0911479     0.00608636
     -0.0911702     0.00607885
     -0.0911895     0.00607233
     -0.0912024     0.00606648
     -0.0912073     0.00606156
     -0.0912008     0.00605726
     -0.0911822     0.00605434
     -0.0911495     0.00605194
     -0.0911028     0.00605049
      -0.091042     0.00605019
     -0.0909701      0.0060518
     -0.0908896      0.0060553
     -0.0908045     0.00606221
     -0.0907193     0.00607193
     -0.0906392     0.00608484
     -0.0905665     0.00610037
     -0.0905047     0.00611983
     -0.0904537     0.00614224
     -0.0904127     0.00616716
     -0.0903811     0.00619383
     -0.0903572     0.00622237
     -0.0903381     0.00625141
     -0.0903222      0.0062806
      -0.090306     0.00630933
      -0.090287     0.00633718
     -0.0902619     0.00636234
     -0.0902286     0.00638466
     -0.0901863     0.00640178
     -0.0901351     0.00641369
     -0.0900769     0.00641925
     -0.0900132     0.00641869
     -0.0899487     0.00641069
     -0.0898885     0.00639553
     -0.0898357     0.00637337
     -0.0897938       0.006345
     -0.0897651     0.00631019
     -0.0897498     0.00627121
     -0.0897468     0.00622893
     -0.0897541     0.00618491
     -0.0897691     0.00614072
     -0.0897886     0.00609819
     -0.0898097     0.00605883
     -0.0898286     0.00602558
     -0.0898426     0.00599813
       -0.08985     0.00597833
     -0.0898497     0.00596581
     -0.0898418     0.00596071
     -0.0898267     0.00596156
     -0.0898054      0.0059672
     -0.0897798     0.00597573
     -0.0897514     0.00598567
      -0.089723     0.00599497
     -0.0896963     0.00600189
     -0.0896716     0.00600462
     -0.0896494     0.00600245
     -0.0896281     0.00599385
     -0.0896055     0.00597867
     -0.0895787      0.0059563
     -0.0895458     0.00592794
     -0.0895053     0.00589431
      -0.089457     0.00585743
     -0.0894011     0.00581849
     -0.0893404     0.00577978
      -0.089277      0.0057419
     -0.0892143     0.00570542
     -0.0891556     0.00567108
      -0.089104     0.00563902
      -0.089062     0.00560889
     -0.0890324     0.00558035
     -0.0890165     0.00555192
     -0.0890146      0.0055228
     -0.0890273     0.00549224
     -0.0890533     0.00546028
     -0.0890897      0.0054251
     -0.0891346     0.00538857
     -0.0891843     0.00535255
     -0.0892357     0.00531941
     -0.0892856     0.00529229
     -0.0893328     0.00527516
     -0.0893752      0.0052724
     -0.0894125     0.00528978
     -0.0894438     0.00533092
     -0.0894687     0.00539967
      -0.089486     0.00549988
     -0.0894949      0.0056325
     -0.0894934     0.00579713
     -0.0894803     0.00599329
     -0.0894522     0.00621717
     -0.0894083     0.00646369
     -0.0893467      0.0067279
     -0.0892677     0.00700284
     -0.0891702     0.00728015
     -0.0890565     0.00755261
     -0.0889278     0.00781249
     -0.0887873     0.00805316
      -0.088637      0.0082677
     -0.0884811     0.00844986
     -0.0883217     0.00859415
      -0.088164     0.00869666
     -0.0880107     0.00875353
     -0.0878651     0.00876147
     -0.0877282       0.008719
     -0.0876034     0.00862633
     -0.0874903     0.00848563
     -0.0873907     0.00829929
     -0.0873042     0.00807245
     -0.0872319     0.00781192
      -0.087174     0.00752681
     -0.0871327     0.00722757
     -0.0871084     0.00692575
     -0.0871029     0.00663347
     -0.0871174     0.00636245
     -0.0871525     0.00612397
     -0.0872068     0.00592577
     -0.0872795      0.0057721
     -0.0873669     0.00566538
      -0.087465     0.00560392
       -0.08757     0.00558306
     -0.0876783     0.00559413
     -0.0877859     0.00562654
     -0.0878902     0.00567011
     -0.0879902     0.00571335
     -0.0880853     0.00574595
     -0.0881766     0.00576003
     -0.0882669     0.00575142
     -0.0883597     0.00571732
     -0.0884586     0.00566016
     -0.0885668     0.00558574
     -0.0886865     0.00550148
     -0.0888192     0.00541523
     -0.0889641     0.00533807
     -0.0891184     0.00527776
     -0.0892769     0.00524266
     -0.0894339     0.00523737
     -0.0895817     0.00526538
     -0.0897134     0.00532496
     -0.0898229      0.0054131
     -0.0899068     0.00552298
     -0.0899632     0.00564703
     -0.0899925     0.00577458
     -0.0899985     0.00589541
     -0.0899854     0.00599908
     -0.0899584     0.00607849
      -0.089925     0.00612709
     -0.0898901     0.00614328
     -0.0898601      0.0061285
     -0.0898385     0.00608798
     -0.0898278     0.00602917
     -0.0898267     0.00596387
     -0.0898335     0.00590241
     -0.0898444     0.00585667
     -0.0898553     0.00583515
       -0.08986     0.00584535
      -0.089854     0.00588806
     -0.0898346     0.00596191
     -0.0897999     0.00605975
     -0.0897497      0.0061723
     -0.0896864     0.00628681
     -0.0896144     0.00639146
     -0.0895373     0.00647508
     -0.0894614     0.00652974
     -0.0893909     0.00655204
     -0.0893296     0.00654355
     -0.0892805     0.00650925
     -0.0892448     0.00645948
     -0.0892206     0.00640538
     -0.0892063      0.0063597
     -0.0891991     0.00633283
     -0.0891967      0.0063332
     -0.0891949     0.00636346
     -0.0891928     0.00642308
     -0.0891897     0.00650556
     -0.0891873     0.00660211
     -0.0891864     0.00670119
     -0.0891911     0.00679182
     -0.0892051     0.00686462
     -0.0892336     0.00691393
     -0.0892796     0.00693737
     -0.0893467     0.00693819
     -0.0894355     0.00692245
     -0.0895479     0.00689924
     -0.0896801     0.00687801
     -0.0898313     0.00686741
     -0.0899973     0.00687316
     -0.0901764     0.00689707
     -0.0903639     0.00693522
     -0.0905598      0.0069807
     -0.0907622     0.00702304
     -0.0909725     0.00704993
     -0.0911882      0.0070488
     -0.0914107     0.00701083
      -0.091637     0.00692872
      -0.091866     0.00680368
     -0.0920919     0.00663808
     -0.0923106     0.00644106
     -0.0925123     0.00622346
     -0.0926913     0.00599825
     -0.0928355     0.00577646
     -0.0929387     0.00556749
     -0.0929894     0.00537777
     -0.0929834     0.00520856
      -0.092913     0.00505853
     -0.0927781     0.00492414
     -0.0925752     0.00480219
     -0.0923082     0.00469105
     -0.0919774     0.00459361
     -0.0915898     0.00451638
     -0.0911486     0.00446865
     -0.0906628     0.00446423
     -0.0901371     0.00451581
     -0.0895813     0.00463461
     -0.0890015     0.00482494
     -0.0884102     0.00508492
     -0.0878152      0.0054032
     -0.0872304     0.00576071
     -0.0866643     0.00613141
     -0.0861301     0.00648785
     -0.0856345     0.00680247
     -0.0851886     0.00705282
      -0.084794     0.00722223
     -0.0844559     0.00730506
     -0.0841711     0.00730382
     -0.0839383     0.00723039
     -0.0837487     0.00710057
     -0.0835978     0.00693577
      -0.083476     0.00675469
     -0.0833779     0.00657602
      -0.083295     0.00641334
     -0.0832253     0.00627881
     -0.0831642     0.00617867
     -0.0831138     0.00611846
     -0.0830732     0.00610171
     -0.0830482     0.00613163
      -0.083039     0.00620787
     -0.0830516     0.00633065
     -0.0830869     0.00649449
       -0.08315     0.00669104
     -0.0832386     0.00690581
     -0.0833543      0.0071212
      -0.083493     0.00731414
     -0.0836543     0.00746404
     -0.0838311     0.00755234
     -0.0840217     0.00756625
     -0.0842173     0.00750013
     -0.0844153      0.0073599
     -0.0846054      0.0071578
      -0.084784     0.00691554
     -0.0849429     0.00665747
     -0.0850784      0.0064095
     -0.0851839      0.0061945
       -0.08526     0.00602954
     -0.0853059     0.00592409
     -0.0853282     0.00587951
     -0.0853317     0.00589059
     -0.0853276     0.00594747
     -0.0853243     0.00603567
     -0.0853344     0.00614103
     -0.0853644     0.00624827
     -0.0854232     0.00634457
     -0.0855122     0.00641792
     -0.0856347     0.00645818
     -0.0857854     0.00645771
     -0.0859601     0.00641172
     -0.0861486     0.00631881
     -0.0863442     0.00618258
     -0.0865343     0.00601113
     -0.0867129     0.00581869
     -0.0868704      0.0056227
     -0.0870038     0.00544532
     -0.0871092     0.00530711
      -0.087189     0.00522708
     -0.0872443     0.00521768
     -0.0872829     0.00528318
     -0.0873106     0.00541681
     -0.0873379     0.00560411
     -0.0873714     0.00582294
     -0.0874203     0.00604786
     -0.0874883     0.00625226
     -0.0875798     0.00641489
     -0.0876928      0.0065219
     -0.0878248     0.00656921
     -0.0879668     0.00656117
     -0.0881127     0.00651097
     -0.0882509      0.0064344
     -0.0883747     0.00635175
     -0.0884758     0.00628081
     -0.0885528     0.00623615
     -0.0886043     0.00622638
     -0.0886359     0.00625523
     -0.0886512     0.00631982
     -0.0886591     0.00641399
     -0.0886636     0.00652775
     -0.0886717     0.00664929
     -0.0886847     0.00676486
     -0.0887046     0.00686244
     -0.0887266     0.00693125
     -0.0887484     0.00696355
     -0.0887631     0.00695683
     -0.0887683     0.00691442
     -0.0887581     0.00684426
     -0.0887324     0.00676032
     -0.0886887     0.00668016
     -0.0886308     0.00662115
     -0.0885598     0.00659727
     -0.0884828     0.00661819
     -0.0884036     0.00668486
     -0.0883297     0.00678922
     -0.0882648     0.00691601
     -0.0882154     0.00704592
     -0.0881817     0.00715799
     -0.0881651     0.00723485
     -0.0881626     0.00726636
     -0.0881711     0.00725113
     -0.0881834     0.00719736
     -0.0881952     0.00712015
      -0.088199      0.0070388
     -0.0881928     0.00697136
      -0.088174     0.00693263
     -0.0881454     0.00693148
      -0.088109     0.00696833
     -0.0880712     0.00703599
     -0.0880353     0.00712101
     -0.0880069     0.00720781
     -0.0879867     0.00728064
     -0.0879773     0.00732664
     -0.0879742     0.00733744
     -0.0879772     0.00730952
     -0.0879812     0.00724706
     -0.0879841     0.00715768
     -0.0879821     0.00705426
      -0.087976     0.00695075
     -0.0879646     0.00686094
     -0.0879517     0.00679637
     -0.0879374     0.00676411
     -0.0879261     0.00676597
     -0.0879177     0.00679769
     -0.0879147     0.00684927
     -0.0879139     0.00690605
     -0.0879153     0.00695293
     -0.0879152     0.00697576
     -0.0879121     0.00696564
     -0.0879018     0.00692047
     -0.0878853      0.0068457
     -0.0878594      0.0067531
     -0.0878273     0.00665849
      -0.087789      0.0065774
     -0.0877505     0.00652249
      -0.087713     0.00649924
     -0.0876821     0.00650655
     -0.0876564     0.00653522
     -0.0876392     0.00657256
     -0.0876268     0.00660383
     -0.0876175     0.00661816
     -0.0876056     0.00660844
     -0.0875891     0.00657505
     -0.0875623     0.00652411
     -0.0875255     0.00646662
     -0.0874768     0.00641519
     -0.0874199     0.00638085
      -0.087356      0.0063713
     -0.0872916     0.00638828
     -0.0872285     0.00642804
     -0.0871733      0.0064832
     -0.0871254     0.00654339
     -0.0870872      0.0065982
     -0.0870555     0.00663836
     -0.0870298     0.00665915
     -0.0870051     0.00665844
       -0.08698      0.0066386
     -0.0869506     0.00660629
      -0.086918     0.00656966
     -0.0868812     0.00653739
     -0.0868452     0.00651667
     -0.0868106     0.00651167
     -0.0867834     0.00652219
     -0.0867646     0.00654384
     -0.0867575     0.00657043
     -0.0867602     0.00659232
     -0.0867718     0.00660016
     -0.0867874     0.00658776
     -0.0868038      0.0065532
     -0.0868152     0.00649958
     -0.0868202     0.00643536
     -0.0868149     0.00637144
     -0.0868025     0.00631956
     -0.0867839     0.00628771
     -0.0867642     0.00628034
     -0.0867448     0.00629476
     -0.0867309      0.0063244
     -0.0867228     0.00635818
     -0.0867218      0.0063847
     -0.0867249      0.0063953
     -0.0867314     0.00638744
     -0.0867371      0.0063632
     -0.0867413     0.00632987
     -0.0867412      0.0062976
     -0.0867384      0.0062764
     -0.0867332      0.0062735
     -0.0867299     0.00629141
       -0.08673     0.00632734
     -0.0867368     0.00637518
     -0.0867507     0.00642692
      -0.086772     0.00647362
     -0.0867977     0.00650818
     -0.0868264     0.00652867
      -0.086853     0.00653484
     -0.0868761     0.00653044
     -0.0868914     0.00652076
     -0.0868994     0.00651189
     -0.0868998      0.0065083
     -0.0868965     0.00651291
     -0.0868915     0.00652565
      -0.086889     0.00654409
     -0.0868902     0.00656412
      -0.086897     0.00658115
     -0.0869075     0.00659043
     -0.0869207     0.00659003
     -0.0869313     0.00657867
     -0.0869389     0.00655843
     -0.0869388     0.00653388
     -0.0869319     0.00651054
     -0.0869172     0.00649372
     -0.0868986     0.00648687
      -0.086877     0.00649119
     -0.0868571     0.00650295
     -0.0868389     0.00651783
     -0.0868258     0.00652953
      -0.086815     0.00653245
     -0.0868071     0.00652368
     -0.0867981     0.00650397
     -0.0867883     0.00647742
     -0.0867738     0.00644969
      -0.086757     0.00642798
     -0.0867377     0.00641618
     -0.0867198     0.00641597
     -0.0867031     0.00642478
     -0.0866906     0.00643815
     -0.0866821     0.00644883
     -0.0866791     0.00645244
     -0.0866785     0.00644617
     -0.0866807     0.00643088
     -0.0866807     0.00640997
     -0.0866794     0.00638873
     -0.0866741     0.00637131
     -0.0866672     0.00636108
     -0.0866587     0.00635862
      -0.086651     0.00636166
     -0.0866448     0.00636647
     -0.0866433     0.00636915
     -0.0866448     0.00636623
       -0.08665     0.00635726
      -0.086656     0.00634358
      -0.086662     0.00632796
     -0.0866632     0.00631349
     -0.0866606     0.00630414
      -0.086651     0.00630021
     -0.0866379     0.00630225
     -0.0866209     0.00630807
     -0.0866037     0.00631443
     -0.0865867     0.00631757
     -0.0865736     0.00631525
     -0.0865638     0.00630455
      -0.086558      0.0062872
     -0.0865541     0.00626558
     -0.0865516     0.00624365
     -0.0865482     0.00622535
     -0.0865456     0.00621452
     -0.0865415     0.00621219
     -0.0865376     0.00621819
     -0.0865339     0.00622984
     -0.0865326     0.00624203
     -0.0865318     0.00624858
      -0.086533     0.00624618
     -0.0865344     0.00623377
     -0.0865365     0.00621238
     -0.0865364     0.00618651
     -0.0865355     0.00616182
     -0.0865326     0.00614346
     -0.0865298     0.00613536
     -0.0865271     0.00613755
     -0.0865266     0.00614648
     -0.0865286     0.00615688
     -0.0865345      0.0061626
     -0.0865429     0.00615958
     -0.0865547       0.006146
     -0.0865676     0.00612389
     -0.0865808     0.00609808
     -0.0865926     0.00607429
     -0.0866042     0.00605727
     -0.0866138     0.00604983
     -0.0866228     0.00605161
      -0.086631     0.00605965
     -0.0866404     0.00606987
       -0.08665     0.00607596
     -0.0866614     0.00607643
     -0.0866716     0.00606991
     -0.0866799     0.00605788
     -0.0866852     0.00604324
      -0.086687     0.00603115
     -0.0866842     0.00602454
     -0.0866769     0.00602624
     -0.0866641     0.00603522
     -0.0866466     0.00604965
     -0.0866239     0.00606536
      -0.086596     0.00607955
      -0.086563     0.00608733
     -0.0865254      0.0060882
     -0.0864829     0.00608166
     -0.0864353     0.00607118
     -0.0863834      0.0060595
     -0.0863282     0.00605113
     -0.0862711     0.00604703
      -0.086213     0.00604837
     -0.0861562     0.00605248
      -0.086103     0.00605652
      -0.086055     0.00605477
     -0.0860142     0.00604496
     -0.0859817     0.00602459
     -0.0859586     0.00599545
     -0.0859454     0.00596116
     -0.0859429     0.00592666
     -0.0859521     0.00589579
     -0.0859729     0.00587254
     -0.0860047     0.00585772
     -0.0860478     0.00584961
     -0.0861003     0.00584446
     -0.0861603     0.00583916
     -0.0862255     0.00583049
     -0.0862922     0.00581885
     -0.0863576     0.00580511
     -0.0864188     0.00579309
     -0.0864725     0.00578575
     -0.0865169     0.00578662
     -0.0865493      0.0057956
     -0.0865686     0.00581084
     -0.0865732     0.00582881
     -0.0865636     0.00584588
     -0.0865387     0.00585759
     -0.0865004     0.00586186
     -0.0864487     0.00585897
      -0.086388     0.00585111
     -0.0863204      0.0058401
     -0.0862495     0.00582921
     -0.0861777     0.00581946
       -0.08611     0.00581123
     -0.0860476     0.00580358
     -0.0859934     0.00579531
     -0.0859477     0.00578451
     -0.0859124     0.00577036
     -0.0858855     0.00575342
     -0.0858677     0.00573595
     -0.0858558     0.00571891
     -0.0858489     0.00570519
     -0.0858439     0.00569678
     -0.0858402     0.00569432
     -0.0858346     0.00569696
      -0.085827      0.0057018
      -0.085814      0.0057059
     -0.0857975      0.0057055
     -0.0857758     0.00569901
     -0.0857512     0.00568526
      -0.085723     0.00566533
     -0.0856958     0.00564164
     -0.0856704     0.00561657
     -0.0856513     0.00559295
     -0.0856387     0.00557236
     -0.0856361     0.00555462
     -0.0856427     0.00553869
     -0.0856612     0.00552339
     -0.0856879     0.00550809
     -0.0857234     0.00549236
     -0.0857631     0.00547792
      -0.085806     0.00546639
     -0.0858474     0.00545971
     -0.0858868     0.00545922
     -0.0859192      0.0054647
     -0.0859455     0.00547462
     -0.0859618     0.00548593
     -0.0859707     0.00549536
     -0.0859694     0.00550054
     -0.0859626     0.00549895
     -0.0859496     0.00549071
     -0.0859362     0.00547741
     -0.0859227     0.00546124
     -0.0859144      0.0054439
     -0.0859107     0.00542759
     -0.0859161     0.00541281
     -0.0859292     0.00539966
     -0.0859516     0.00538858
     -0.0859795     0.00537941
     -0.0860138     0.00537119
     -0.0860496     0.00536587
     -0.0860859     0.00536334
     -0.0861178     0.00536449
     -0.0861458      0.0053691
     -0.0861648      0.0053775
     -0.0861774     0.00538734
     -0.0861809     0.00539718
      -0.086178     0.00540378
     -0.0861681     0.00540537
     -0.0861557     0.00540139
     -0.0861396     0.00539205
     -0.0861248     0.00537765
     -0.0861107     0.00536025
     -0.0861017     0.00534208
     -0.0860961     0.00532481
     -0.0860972     0.00530941
     -0.0861018     0.00529648
     -0.0861115     0.00528563
     -0.0861215     0.00527698
     -0.0861328     0.00526918
     -0.0861406     0.00526148
      -0.086147     0.00525488
     -0.0861481     0.00525028
      -0.086146     0.00524806
     -0.0861378     0.00524753
      -0.086128     0.00524845
      -0.086115     0.00524941
     -0.0861028      0.0052489
     -0.0860897     0.00524556
     -0.0860802      0.0052384
     -0.0860722     0.00522691
     -0.0860681     0.00521266
     -0.0860653     0.00519691
     -0.0860667      0.0051814
     -0.0860689      0.0051681
     -0.0860735     0.00515785
     -0.0860764     0.00515023
     -0.0860796     0.00514403
     -0.0860793     0.00513811
     -0.0860777     0.00513153
      -0.086071     0.00512393
     -0.0860638     0.00511561
     -0.0860525     0.00510579
     -0.0860415     0.00509561
     -0.0860281     0.00508552
     -0.0860168     0.00507551
     -0.0860058     0.00506503
     -0.0859991     0.00505396
     -0.0859931     0.00504131
     -0.0859905     0.00502796
     -0.0859872     0.00501376
      -0.085986     0.00499969
      -0.085983     0.00498646
     -0.0859813     0.00497617
     -0.0859763     0.00496847
     -0.0859718     0.00496375
     -0.0859645     0.00496127
     -0.0859579     0.00495948
     -0.0859485     0.00495743
     -0.0859407     0.00495446
     -0.0859315     0.00494941
     -0.0859244     0.00494299
     -0.0859158     0.00493481
       -0.08591     0.00492525
     -0.0859028     0.00491542
     -0.0858971     0.00490567
     -0.0858901     0.00489587
     -0.0858846     0.00488475
     -0.0858778     0.00487225
     -0.0858733     0.00485857
     -0.0858674     0.00484393
     -0.0858638      0.0048295
     -0.0858592     0.00481495
     -0.0858584     0.00480075
     -0.0858574     0.00478809
      -0.085861      0.0047769
     -0.0858652     0.00476619
     -0.0858726     0.00475543
     -0.0858796     0.00474403
      -0.085889     0.00473224
     -0.0858955     0.00472004
     -0.0859014     0.00470788
     -0.0859034     0.00469668
     -0.0859043     0.00468738
     -0.0859006     0.00467971
     -0.0858967     0.00467305
     -0.0858906     0.00466758
     -0.0858854     0.00466189
     -0.0858798     0.00465504
     -0.0858775     0.00464604
     -0.0858749     0.00463542
     -0.0858752     0.00462348
     -0.0858745     0.00461102
     -0.0858758     0.00459883
     -0.0858748     0.00458681
     -0.0858747     0.00457473
     -0.0858719     0.00456299
      -0.085869      0.0045511
     -0.0858637     0.00453925
     -0.0858599     0.00452641
     -0.0858546      0.0045132
     -0.0858513     0.00449987
     -0.0858477      0.0044867
     -0.0858465     0.00447405
     -0.0858451     0.00446232
     -0.0858466     0.00445143
     -0.0858474     0.00444024
     -0.0858495     0.00442889
     -0.0858488     0.00441688
     -0.0858474     0.00440355
     -0.0858422     0.00438949
     -0.0858355     0.00437455
     -0.0858252     0.00435941
     -0.0858151     0.00434489
     -0.0858037     0.00433142
     -0.0857944      0.0043184
     -0.0857861     0.00430637
     -0.0857821     0.00429455
     -0.0857787     0.00428235
     -0.0857783     0.00427019
     -0.0857781     0.00425863
     -0.0857784     0.00424712
     -0.0857754     0.00423516
     -0.0857713     0.00422363
     -0.0857632     0.00421147
     -0.0857537     0.00419844
     -0.0857408      0.0041839
     -0.0857282     0.00416713
     -0.0857138     0.00414841
     -0.0857024     0.00412782
     -0.0856918      0.0041053
     -0.0856848     0.00408128
     -0.0856795     0.00405688
     -0.0856787     0.00403163
     -0.0856782      0.0040055
     -0.0856807     0.00397817
      -0.085683     0.00394977
     -0.0856874     0.00392049
     -0.0856904      0.0038908
      -0.085696     0.00386168
     -0.0857002     0.00383377
     -0.0857073     0.00380692
      -0.085715     0.00378304
      -0.085727     0.00376245
     -0.0857404     0.00374459
     -0.0857595     0.00372992
     -0.0857794     0.00371925
     -0.0858028     0.00371254
     -0.0858247     0.00371061
     -0.0858476     0.00371471
     -0.0858665     0.00372529
      -0.085884     0.00374356
     -0.0858963     0.00377076
     -0.0859072     0.00380753
     -0.0859125     0.00385368
     -0.0859163     0.00390942
     -0.0859148     0.00397408
      -0.085912     0.00404735
     -0.0859033     0.00412883
     -0.0858933     0.00421753
     -0.0858775     0.00431139
     -0.0858595      0.0044084
     -0.0858352     0.00450586
     -0.0858083     0.00460097
     -0.0857763     0.00469028
     -0.0857439     0.00477003
     -0.0857088     0.00483675
      -0.085676     0.00488908
     -0.0856433     0.00492426
     -0.0856162     0.00494058
     -0.0855912     0.00493586
     -0.0855731     0.00490981
     -0.0855581     0.00486192
     -0.0855504     0.00479196
     -0.0855457     0.00470044
     -0.0855481     0.00458917
     -0.0855529     0.00445918
     -0.0855639     0.00431411
     -0.0855765     0.00415676
     -0.0855952     0.00399193
     -0.0856157     0.00382357
     -0.0856416      0.0036576
     -0.0856686     0.00349715
      -0.085699     0.00334668
     -0.0857287     0.00320961
     -0.0857595     0.00308908
      -0.085786     0.00298801
     -0.0858097     0.00290801
     -0.0858247     0.00285039
     -0.0858328     0.00281516
     -0.0858292     0.00280061
     -0.0858169      0.0028046
     -0.0857925     0.00282349
     -0.0857593     0.00285298
     -0.0857146     0.00288886
     -0.0856616     0.00292617
     -0.0855983     0.00296099
     -0.0855284     0.00298996
     -0.0854497     0.00301089
     -0.0853658     0.00302097
     -0.0852742     0.00301983
     -0.0851798     0.00300721
     -0.0850816     0.00298465
     -0.0849831     0.00295325
     -0.0848842     0.00291595
     -0.0847896     0.00287616
     -0.0846986     0.00283697
     -0.0846144      0.0028027
     -0.0845366     0.00277644
     -0.0844679     0.00275981
     -0.0844063     0.00275351
     -0.0843546     0.00275749
     -0.0843107     0.00277047
     -0.0842762     0.00278977
     -0.0842488     0.00281331
     -0.0842309     0.00283726
     -0.0842202     0.00285838
     -0.0842191     0.00287468
     -0.0842253     0.00288446
     -0.0842415     0.00288535
     -0.0842674     0.00287716
     -0.0843037     0.00285991
     -0.0843488     0.00283511
     -0.0844043     0.00280565
     -0.0844678     0.00277409
     -0.0845399     0.00274437
     -0.0846178     0.00272044
     -0.0847023     0.00270581
      -0.084791     0.00270225
     -0.0848841     0.00271145
     -0.0849799     0.00273258
     -0.0850789     0.00276383
     -0.0851788     0.00280289
       -0.08528     0.00284512
     -0.0853814      0.0028865
     -0.0854833     0.00292287
     -0.0855841     0.00295107
      -0.085684     0.00296766
     -0.0857834     0.00297162
     -0.0858815     0.00296276
     -0.0859784     0.00294214
     -0.0860745     0.00291223
     -0.0861689     0.00287662
     -0.0862616     0.00284012
     -0.0863504     0.00280621
     -0.0864353     0.00277923
     -0.0865146     0.00276191
     -0.0865881      0.0027555
     -0.0866542     0.00275845
     -0.0867138     0.00276998
     -0.0867668     0.00278618
     -0.0868153     0.00280268
      -0.086861      0.0028147
     -0.0869068     0.00281949
     -0.0869547      0.0028128
     -0.0870081     0.00279416
     -0.0870688      0.0027627
     -0.0871396     0.00272021
     -0.0872211      0.0026683
      -0.087314     0.00261159
      -0.087417     0.00255266
     -0.0875285     0.00249488
      -0.087647     0.00244079
     -0.0877691     0.00239203
     -0.0878914     0.00234761
     -0.0880115       0.002307
     -0.0881263     0.00226703
     -0.0882325      0.0022244
     -0.0883284     0.00217525
     -0.0884132     0.00211596
     -0.0884846     0.00204437
     -0.0885418     0.00195941
     -0.0885836     0.00186246
     -0.0886103     0.00175703
     -0.0886196     0.00164828
     -0.0886113     0.00154221
     -0.0885825     0.00144434
     -0.0885316     0.00136197
     -0.0884561     0.00130017
     -0.0883531     0.00126237
     -0.0882198     0.00124956
      -0.088055     0.00126133
     -0.0878564     0.00129497
     -0.0876249     0.00134658
     -0.0873611     0.00141139
     -0.0870677     0.00148468
     -0.0867486     0.00156159
     -0.0864093      0.0016386
      -0.086056     0.00171181
     -0.0856955     0.00178084
     -0.0853347     0.00184435
     -0.0849802     0.00190382
     -0.0846379     0.00195957
     -0.0843127     0.00201188
     -0.0840067     0.00205819
     -0.0837236     0.00209884
     -0.0834619     0.00213004
     -0.0832231     0.00214928
     -0.0830043      0.0021532
     -0.0828048     0.00214034
     -0.0826225      0.0021089
     -0.0824569     0.00206181
     -0.0823049      0.0020013
      -0.082168     0.00193325
     -0.0820434     0.00186416
     -0.0819327     0.00180167
     -0.0818342     0.00175153
     -0.0817505     0.00171906
      -0.081679     0.00170698
     -0.0816226     0.00171493
     -0.0815799     0.00174027
     -0.0815529     0.00177895
     -0.0815399     0.00182332
     -0.0815444     0.00186588
     -0.0815644     0.00189945
     -0.0816033     0.00191766
     -0.0816583     0.00191582
     -0.0817325     0.00189389
     -0.0818225     0.00185223
     -0.0819309     0.00179461
     -0.0820535      0.0017272
     -0.0821914     0.00165621
     -0.0823404     0.00158637
     -0.0824997     0.00152452
     -0.0826641     0.00147256
     -0.0828315     0.00143302
     -0.0829963     0.00140382
     -0.0831574     0.00138457
     -0.0833098     0.00137117
     -0.0834538     0.00136299
     -0.0835853     0.00135501
     -0.0837081     0.00134645
     -0.0838206     0.00133456
     -0.0839281      0.0013189
     -0.0840297     0.00129794
     -0.0841318     0.00127165
     -0.0842342     0.00123797
     -0.0843433      0.0011981
      -0.084457     0.00115058
     -0.0845799     0.00109702
     -0.0847082     0.00103691
     -0.0848446    0.000973277
     -0.0849827    0.000907391
     -0.0851226     0.00084313
     -0.0852575    0.000783022
     -0.0853867    0.000732079
     -0.0855033    0.000692651
     -0.0856067    0.000668295
     -0.0856917    0.000659317
     -0.0857602    0.000666771
     -0.0858082    0.000687003
     -0.0858395    0.000718664
     -0.0858526    0.000756167
     -0.0858541    0.000795443
     -0.0858431    0.000830445
     -0.0858272    0.000858169
     -0.0858066    0.000873804
     -0.0857883    0.000877436
     -0.0857727    0.000866592
     -0.0857658    0.000844475
     -0.0857672    0.000810944
     -0.0857799    0.000771333
     -0.0858016    0.000727251
      -0.085833    0.000683624
     -0.0858689    0.000641383
       -0.08591    0.000605021
     -0.0859502    0.000575166
     -0.0859892    0.000553511
     -0.0860204    0.000539321
     -0.0860448    0.000532523
     -0.0860583    0.000528499
     -0.0860647    0.000526026
     -0.0860619    0.000519555
     -0.0860554    0.000506405
     -0.0860459    0.000482831
     -0.0860391    0.000447948
     -0.0860353    0.000400584
     -0.0860403    0.000343326
     -0.0860523    0.000278331
     -0.0860739    0.000210945
     -0.0861022    0.000145108
     -0.0861361    8.66726e-05
     -0.0861705    3.85344e-05
     -0.0862045    2.32086e-06
     -0.0862331   -2.20649e-05
     -0.0862542   -3.52301e-05
     -0.0862654   -4.16301e-05
     -0.0862677    -4.4439e-05
       -0.08626   -4.81568e-05
     -0.0862458   -5.57601e-05
     -0.0862251   -7.03037e-05
     -0.0862019    -9.2797e-05
     -0.0861771   -0.000122834
     -0.0861541   -0.000157796
     -0.0861315   -0.000196069
     -0.0861103   -0.000234053
     -0.0860886   -0.000269003
     -0.0860661   -0.000298545
     -0.0860396   -0.000322569
     -0.0860085   -0.000341106
     -0.0859709   -0.000355236
     -0.0859281   -0.000367098
     -0.0858791    -0.00037834
      -0.085826   -0.000391655
     -0.0857698     -0.0004078
     -0.0857136   -0.000427626
     -0.0856592   -0.000452217
     -0.0856096   -0.000480633
     -0.0855655   -0.000512268
     -0.0855286   -0.000546329
      -0.085499   -0.000581253
     -0.0854762   -0.000615768
     -0.0854589   -0.000648778
     -0.0854453   -0.000678841
     -0.0854334   -0.000705339
     -0.0854212   -0.000728358
     -0.0854071   -0.000748273
     -0.0853895   -0.000765704
     -0.0853679   -0.000782736
     -0.0853427    -0.00080112
     -0.0853153   -0.000823144
     -0.0852869   -0.000849791
     -0.0852598   -0.000881314
     -0.0852356   -0.000917096
     -0.0852162   -0.000955317
     -0.0852016   -0.000994794
     -0.0851929    -0.00103289
     -0.0851888     -0.0010672
      -0.085189    -0.00109672
     -0.0851912     -0.0011204
     -0.0851928    -0.00113919
     -0.0851922    -0.00115511
